funcid,dim,milestone,error
2,10,1,3.608448e+09
2,10,2,4.533997e+07
2,10,3,7.353813e+06
2,10,5,1.143540e+05
2,10,10,2.300000e+02
2,10,20,1.150000e+02
2,10,30,1.150000e+02
2,10,40,7.400000e+01
2,10,50,7.400000e+01
2,10,60,0.000000e+00
2,10,70,0.000000e+00
2,10,80,0.000000e+00
2,10,90,0.000000e+00
2,10,100,0.000000e+00
2,10,1,1.324127e+09
2,10,2,4.156224e+07
2,10,3,2.629450e+05
2,10,5,1.128300e+04
2,10,10,9.800000e+01
2,10,20,7.100000e+01
2,10,30,5.900000e+01
2,10,40,5.900000e+01
2,10,50,5.900000e+01
2,10,60,0.000000e+00
2,10,70,0.000000e+00
2,10,80,0.000000e+00
2,10,90,0.000000e+00
2,10,100,0.000000e+00
2,10,1,6.593295e+09
2,10,2,1.042954e+08
2,10,3,9.327547e+06
2,10,5,1.463400e+04
2,10,10,7.306000e+03
2,10,20,5.114000e+03
2,10,30,1.353000e+03
2,10,40,1.353000e+03
2,10,50,1.353000e+03
2,10,60,0.000000e+00
2,10,70,0.000000e+00
2,10,80,0.000000e+00
2,10,90,0.000000e+00
2,10,100,0.000000e+00
2,10,1,1.044129e+09
2,10,2,5.540152e+06
2,10,3,1.711053e+06
2,10,5,1.562050e+05
2,10,10,1.729400e+04
2,10,20,9.802000e+03
2,10,30,3.266000e+03
2,10,40,1.640000e+02
2,10,50,7.100000e+01
2,10,60,0.000000e+00
2,10,70,0.000000e+00
2,10,80,0.000000e+00
2,10,90,0.000000e+00
2,10,100,0.000000e+00
2,10,1,8.374033e+07
2,10,2,3.661892e+07
2,10,3,3.189240e+06
2,10,5,3.394670e+05
2,10,10,3.498000e+03
2,10,20,1.871000e+03
2,10,30,1.871000e+03
2,10,40,0.000000e+00
2,10,50,0.000000e+00
2,10,60,0.000000e+00
2,10,70,0.000000e+00
2,10,80,0.000000e+00
2,10,90,0.000000e+00
2,10,100,0.000000e+00
